########################################
#
# BVI photometry of SN II 2014G
#
########################################
#
# Bose et al. 2016, MNRAS, 455, 2712
#
# Data obtained with the ARIES 104-cm Sampurnanand Telescope
#
# MJD         B     error    V     error    I     error
 56672.97    15.043 0.023   15.007 0.017   14.900 0.033   
 56673.88    14.911 0.016   14.851 0.013   14.693 0.020   
 56677.92    14.829 0.016   14.601 0.012   14.311 0.022   
 56681.92    14.860 0.016   14.451 0.011   14.064 0.022   
 56682.93    14.867 0.014   14.472 0.010   14.067 0.020   
 56684.91    14.916 0.023   14.465 0.016   13.997 0.030   
 56685.89    14.996 0.016   14.561 0.012   14.023 0.022   
 56686.89    15.007 0.023   14.516 0.016   14.006 0.030   
 56687.91    15.073 0.016   14.609 0.011   14.044 0.022   
 56688.83    15.143 0.023   14.644 0.016   14.052 0.030   
 56689.84    15.185 0.016   14.676 0.011   14.062 0.022   
 56690.86    15.245 0.019   14.686 0.014   14.084 0.022   
 56697.82    15.658 0.017   14.962 0.013   14.270 0.022   
 56699.88    15.816 0.017   15.051 0.013   14.331 0.022   
 56700.91    15.860 0.024   15.064 0.017   14.333 0.030   
 56704.81    16.087 0.020   15.231 0.014   14.447 0.023   
 56705.80    16.138 0.019   15.232 0.014   14.423 0.023   
 56707.89    16.263 0.019   15.314 0.019   14.491 0.031   
 56709.74    16.287 0.020   15.365 0.020   14.498 0.031   
 56710.78    16.331 0.027   15.397 0.019   14.512 0.031   
 56713.84    16.565 0.022   15.469 0.020   14.601 0.032   
 56718.77    16.722 0.023   15.616 0.017   14.710 0.023   
 56723.76    16.940 0.025   15.768 0.019   14.804 0.024   
 56724.77    16.985 0.024   15.784 0.022   14.816 0.032   
 56728.79    17.112 0.036   15.879 0.024   14.884 0.024   
 56729.75    17.160 0.027   15.892 0.021   14.887 0.024   
 56730.87    17.175 0.039   15.914 0.024   14.916 0.033   
 56732.83    17.243 0.031   15.957 0.026   14.931 0.033   
 56734.72    17.287 0.033   15.997 0.022   14.962 0.025   
 56735.73    17.306 0.032   16.006 0.023   14.980 0.026   
 56736.71    17.356 0.042   16.045 0.027   15.013 0.033   
 56737.71    17.373 0.032   16.046 0.027   15.021 0.034   
 56738.82    17.406 0.041   16.096 0.027   15.046 0.034   
 56749.62    17.814 0.048   16.532 0.039   15.291 0.037   
 56754.76    18.420 0.100   17.025 0.057   15.648 0.042   
 56755.70    18.437 0.075   17.222 0.061   15.756 0.035   
 56756.84    18.610 0.091   17.436 0.083   15.902 0.047   
 56758.76    18.967 0.104   17.586 0.084   16.080 0.044   
 56761.69    19.200 0.149   17.952 0.117   16.306 0.052   
 56766.72    19.064 0.133   18.032 0.141   16.451 0.069   
 56767.71    18.988 0.121   18.125 0.133   16.440 0.057   
 56768.71    19.074 0.126   18.123 0.138   16.482 0.059   
 56772.80    19.137 0.131   18.106 0.156   16.516 0.073   
 56773.70    19.178 0.128   18.148 0.140   16.555 0.063   
 56775.65    19.074 0.142   18.175 0.163   16.597 0.080   
 56781.69    19.352 0.175   18.311 0.180   16.638 0.082   
 56786.67    19.530 0.176   18.429 0.186   16.754 0.078   
 56787.68    19.738 0.238   18.399 0.182   16.796 0.080   
 56790.67    19.647 0.221   18.433 0.213   16.869 0.097   
 56792.68    19.524 0.215   18.516 0.208   16.840 0.086   
 56794.63    19.404 0.151   18.458 0.193   16.910 0.088   
 56797.67    19.378 0.158   18.660 0.228   17.014 0.092   
 56798.67    19.452 0.163   18.693 0.234   17.014 0.093   
 56803.67    19.516 0.203   18.606 0.226   17.122 0.127   
 56806.68    19.542 0.235   18.678 0.272   17.118 0.109   
 56835.65    20.092 0.332   19.473 0.501   17.731 0.225   
